Backbone cuối cùng: [3, 12, 29, 69, 47, 32, 86]
Backbone trung tâm: 3

Backbone 3: [11, 13, 15, 20, 23, 38, 40, 46, 49, 56, 57, 64, 70, 78, 93, 94, 99]
Backbone 12: [7, 14, 19, 22, 28, 35, 45, 50, 52, 60, 62, 65, 73, 85, 90, 96, 97]
Backbone 29: [6, 10, 24, 27, 34, 36, 39, 41, 42, 53, 55, 58, 59, 71, 72, 74, 76, 79, 80, 84, 88, 89]
Backbone 69: [1, 2, 4, 8, 16, 17, 18, 21, 25, 26, 30, 33, 37, 44, 48, 51, 54, 61, 63, 67, 68, 77, 81, 82, 83, 87, 92, 98]
Backbone 47: [31, 43, 47, 66]
Backbone 32: [9, 32, 75, 95]
Backbone 86: [5, 86, 91]
